412.62
127.31
373.72
108.57
403.14
105.17
333.93
187.70
204.93
257.04
163.46
132.52
225.72
333.14
231.85
420.67
363.58
330.65
406.60
393.51
287.00
90.67
202.55
226.46
294.75
169.69
216.61
240.60
158.56
403.91
280.42
280.13
269.18
173.86
202.40
269.41
306.61
96.90
356.26
272.34
85.54
162.81
223.78
302.22
120.73
95.72
375.31
142.95
259.36
250.67
383.05
303.64
117.35
426.04
344.44
318.95
401.76
284.93
105.38
379.46
111.00
224.33
260.27
130.36
374.52
343.05
231.52
387.63
405.80
379.74
242.64
297.79
117.90
350.13
219.46
371.89
145.79
293.30
287.31
161.44
252.86
224.69
244.92
140.75
212.47
406.78
186.26
289.14
138.19
271.79
160.33
273.03
385.54
159.36
286.93
325.17
332.57
206.51
280.81
315.79
832.77
1185.63
995.86
1284.18
1089.09
785.33
1206.78
1362.46
948.51
1061.14
697.06
1158.40
1186.41
1186.78
1590.78
1291.16
836.44
935.71
1322.45
887.08
1501.20
1485.67
1077.33
1298.47
539.20
853.36
810.38
602.73
783.86
807.00
1143.37
1018.69
1172.34
847.75
1167.62
759.49
880.58
1210.90
1171.20
1115.80
593.06
857.23
1296.07
884.96
1016.29
1438.48
1240.19
1328.65
909.01
1348.85
874.74
786.99
1218.06
1211.94
1290.05
883.08
1365.59
1294.14
869.50
778.71
1219.10
622.19
1103.25
882.42
953.00
1402.14
767.62
839.02
1556.74
544.38
731.59
954.81
867.14
1274.96
971.79
1174.87
1354.20
751.43
817.16
806.01
1196.34
1186.32
846.83
1665.60
1294.13
855.85
830.85
973.39
807.19
1266.22
1514.23
1095.88
1029.41
632.91
449.69
923.41
1103.77
544.70
615.63
891.60
2025.99
1671.10
1088.85
900.02
1393.29
2007.08
1089.62
936.27
1023.15
1413.79
1410.81
1360.05
1066.62
1225.62
1858.11
1647.79
697.63
1280.91
1512.92
1417.70
1359.64
1256.62
2196.91
1990.06
1584.87
991.84
1169.29
1054.26
1302.54
1643.33
623.09
1211.22
1009.49
1512.77
850.47
2066.21
964.00
1583.85
1464.13
1456.75
961.26
1426.38
822.94
1505.34
1556.38
1705.57
1657.86
2731.07
1498.48
1753.85
1221.46
1531.79
1511.07
1520.62
1539.65
979.23
1202.04
770.29
1262.54
1277.48
1017.99
1713.23
1675.21
1307.30
986.80
2276.19
1564.29
1423.66
1352.46
2353.62
1645.19
1742.63
1356.49
1109.08
948.33
1064.87
1844.76
1301.44
1846.25
802.52
1306.05
1021.36
1621.14
1668.74
1200.27
1645.66
2041.42
1508.48
1489.54
873.06
1596.14
2267.79
1964.29
1786.67
848.69
1196.58
907.25
2622.82
1405.87
1560.31
1041.59
1024.56
1013.84
928.84
1042.04
819.63
755.57
617.39
1202.08
1774.38
894.43
809.83
1213.22
1073.58
817.38
948.25
1069.35
646.65
949.32
905.11
1571.15
839.44
846.73
1036.16
1171.91
1032.55
1308.02
1576.99
890.34
910.07
497.97
673.59
834.95
1408.22
1204.38
929.97
853.82
630.46
1176.77
1120.26
657.17
981.66
1197.43
1276.84
1050.85
1135.23
1334.25
605.59
904.23
1117.21
1580.83
1060.96
701.81
1350.58
658.93
835.76
1372.49
1518.92
682.55
761.13
819.26
1035.74
1821.18
1118.52
581.07
1385.61
1437.53
811.40
795.12
1042.22
1128.89
921.04
1529.68
994.47
1070.48
1028.05
1046.70
695.24
932.74
1219.13
956.73
1153.47
1013.52
670.41
1066.76
876.18
1565.48
527.86
931.14
1301.19
710.61
1017.07
810.65
1204.93
1676.00
1187.23
1267.47
929.97
1107.34
1656.02
1012.25
633.24
1041.45
1161.01
901.49
595.25
940.47
931.75
838.66
1270.26
827.83
893.72
688.05
947.85
755.52
680.28
1192.77
501.01
1491.85
446.95
1162.43
561.09
809.41
888.33
851.55
831.37
1106.05
817.70
431.98
1115.36
433.30
862.47
1047.02
1077.78
726.45
1469.18
915.67
833.35
821.66
876.20
1085.01
914.74
484.26
516.83
690.80
1002.20
568.39
1086.36
1410.44
693.14
408.14
378.73
560.46
702.44
900.97
712.25
929.86
885.26
598.83
693.45
985.34
1019.02
629.39
773.91
1039.79
608.90
954.96
1034.24
975.24
438.56
759.72
889.46
969.57
965.79
616.44
1137.62
1075.76
1055.05
975.62
603.82
688.93
712.18
428.98
267.70
1013.93
738.47
816.98
823.09
783.28
1338.70
498.98
576.58
633.54
705.00
505.96
413.54
1038.47
813.25
1010.68
924.72
1127.42
803.87
659.15
417.26
1003.87
338.80
1114.88
622.91
868.24
617.69
837.29
752.76
696.35
486.56
404.32
786.51
715.43
1027.96
881.58
622.54
1095.54
947.59
1130.97
448.99
531.24
457.70
682.66
700.09
1137.84
460.33
668.52
870.26
729.92
762.91
330.78
720.87
1168.80
373.95
1038.71
600.53
809.98
1015.49
886.49
331.47
468.13
603.58
906.24
1126.48
507.17
1101.75
1220.38
1105.12
1002.39
1425.17
1012.79
570.86
712.59
867.41
1167.58
1137.68
767.60
1096.65
695.22
924.39
1122.23
759.76
819.43
656.68
983.25
1257.92
788.31
483.80
997.99
1397.43
1196.73
743.30
1447.09
680.43
1057.97
600.61
587.99
985.10
726.75
704.86
773.11
1525.22
1291.69
900.85
1041.34
1181.67
1071.32
828.88
848.74
1253.72
941.76
1473.61
930.45
1440.69
843.58
692.37
1245.48
849.58
596.57
664.73
750.45
905.06
919.98
603.19
819.68
1313.60
771.70
1136.86
887.03
1443.34
1036.09
776.18
841.65
1089.00
1330.22
732.71
1288.22
526.38
980.36
641.89
796.43
1008.59
1147.04
1040.99
913.15
932.60
843.64
771.60
682.75
1003.56
910.73
562.52
1579.34
1040.46
750.22
1169.57
599.59
1188.82
780.82
993.06
983.34
664.10
659.08
934.56
999.13
907.89
1309.97
1885.11
1706.79
1527.70
1764.92
1573.13
1098.23
1827.89
1818.01
2115.58
1643.48
1702.73
1948.81
1417.88
1671.47
1642.02
1600.24
1459.42
1438.83
1511.70
1711.34
1365.81
1603.40
1629.93
1697.65
1450.37
1260.89
1620.78
882.38
1575.12
1862.84
1935.84
1781.26
1925.72
1709.32
1755.07
1583.10
1855.22
1753.90
1463.17
1580.64
1626.90
2090.89
1556.29
1730.60
1628.87
1265.07
1666.46
2024.58
1509.24
1142.86
1407.56
1731.66
1583.21
2113.85
1782.19
1799.16
1414.67
1598.53
1543.15
1741.16
1949.56
1648.96
2092.92
1416.72
1313.56
1887.44
1654.46
1987.68
1848.64
1962.66
1036.49
1750.09
1321.27
1848.78
1801.55
1441.29
1928.69
1745.46
1602.76
1651.84
1380.66
1978.37
1378.26
1903.28
1450.13
1622.01
1376.40
1665.09
1469.06
1894.15
1619.60
2034.99
1504.52
1144.39
1509.84
1208.39
1908.63
1640.17
1604.95
1304.67
1086.76
932.00
2384.55
521.09
779.34
1001.25
1108.01
749.61
1236.97
1957.72
1453.26
1556.25
1994.29
1513.99
1905.56
1346.75
2026.17
2165.44
1293.44
1637.35
1663.48
1637.86
2054.85
1521.20
1450.89
1239.97
958.56
1957.18
1139.57
1882.75
1436.23
1823.58
1007.32
1199.44
2240.70
575.39
2058.14
1731.50
454.70
1626.76
1652.12
840.49
690.72
1299.63
1755.40
2098.12
818.16
2008.63
1452.51
1552.88
1130.99
1349.10
2014.28
1210.04
919.96
1280.73
1733.37
1074.40
2749.69
1172.34
1071.42
544.80
158.99
1576.74
950.68
1236.31
2352.22
1322.56
839.59
1262.09
1254.76
1203.41
434.43
1838.75
1112.14
1238.54
1646.89
636.83
1638.51
1441.88
991.46
1610.79
1645.55
546.02
1355.96
1631.68
1120.59
1111.61
2644.95
1788.18
910.65
1304.49
1419.25
1217.69
1809.84
2588.64
1150.36
715.50
951.55
909.19
2432.44
2010.29
2077.30
2728.16
1723.80
2032.31
1679.08
1333.49
1765.65
1423.07
908.06
1398.67
928.04
1545.66
1278.34
1066.78
1379.30
1341.19
1664.46
978.50
1272.09
1666.71
1249.69
1013.25
1920.20
1313.38
1623.40
891.38
2085.97
518.86
1179.15
1338.55
860.35
632.54
1488.35
1226.89
1014.69
1754.08
914.96
687.86
1437.48
772.60
2161.38
1192.00
1763.37
2261.16
977.18
927.78
1315.35
1402.87
1476.70
1282.91
1900.39
1354.92
632.09
1015.69
715.35
1349.57
1667.44
2376.80
949.02
600.03
1756.26
2178.67
1099.89
887.84
1342.88
1317.03
1642.73
1881.73
2361.86
1057.78
1635.53
1379.03
1540.64
1526.31
2247.42
2341.23
2092.08
999.88
2162.67
1893.14
2383.97
1796.33
1373.30
594.70
623.51
838.79
1375.79
2393.14
1696.56
1217.50
980.82
1232.35
898.21
1939.32
1704.38
928.57
1219.21
1270.04
1196.52
1982.13
1150.52
1077.71
1478.33
1533.93
2020.34
1679.33
2280.78
1630.14
966.99
1983.66
1597.43
2648.10
1778.90
2249.99
2037.64
1785.81
1149.89
860.70
1886.68
1940.77
1975.53
949.81
2443.72
1129.95
571.02
1317.40
1510.94
1557.55
1313.85
1335.15
1957.26
2070.50
1870.53
1444.44
1954.92
2381.78
1689.21
1688.17
1050.01
2195.86
1167.50
1952.01
1493.50
955.47
1883.51
2121.27
2318.82
798.19
746.25
2083.29
2145.47
1096.12
2153.23
1332.21
2691.62
1775.37
2333.39
1393.70
1974.15
866.79
1641.58
1993.09
1270.25
1267.79
1515.17
1177.42
1767.75
2166.88
871.24
1407.49
2035.97
1029.76
1006.43
2264.57
2384.79
2039.31
1253.50
736.99
1219.99
657.69
1201.66
1375.01
819.65
1479.92
1011.50
1044.14
1421.92
1415.49
919.30
1942.84
965.07
741.01
1290.59
669.46
1233.59
1015.66
1277.88
794.54
1310.63
1087.89
2840.40
1462.87
1297.81
1118.10
1683.75
792.96
2789.31
1803.52
964.62
1385.17
1710.02
1706.69
926.81
2081.93
1560.90
2119.24
1322.68
1496.69
1582.01
770.64
1066.22
1805.42
1743.54
1025.56
2073.97
1694.29
1177.95
1442.10
1679.55
1369.13
1691.15
1040.05
630.41
1105.19
2148.30
2300.37
838.33
1922.06
1271.47
1005.05
1286.73
1397.55
1503.47
500.11
1280.69
2452.82
1698.34
1084.40
1133.84
2051.40
1115.84
1177.84
1805.74
1264.71
1304.91
939.07
1674.30
1472.69
2098.76
1828.34
1308.60
1834.03
1669.69
1703.27
910.85
2479.18
1270.30
1204.16
1614.76
2784.18
854.48
2107.83
1030.82
2724.01
1428.31
1544.94
1338.51
1223.77
2041.29
1938.19
623.06
744.17
1425.25
1312.57
1038.01
2016.52
1818.13
1478.66
1231.35
1575.73
995.72
1328.87
1419.84
1672.97
1973.19
2264.92
968.67
1322.02
1187.68
287.45
2253.96
1300.89
1385.39
1696.82
1966.85
1906.22
1038.85
594.83
1265.43
902.56
2050.79
1337.02
1777.03
498.90
1481.95
1386.27
1497.38
1537.92
1965.49
1328.47
1714.42
825.59
1252.80
1040.41
1288.00
2303.84
2036.72
865.44
2337.65
740.64
1260.54
1683.57
1664.01
780.37
1046.51
1383.27
811.69
1868.42
1096.84
1470.90
1654.76
1448.85
1936.03
2118.16
1369.61
1258.42
1089.43
1690.10
1011.21
1306.54
1522.11
974.88
1035.95
1281.26
1070.59
2044.32
1092.05
1647.15
621.89
1812.29
2048.14
2181.35
2147.75
552.22
1326.19
2095.87
635.34
959.61
1732.72
1155.40
2095.72
1448.66
1858.33
1537.26
1346.32
853.39
1431.30
1106.19
930.75
1271.30
1537.45
1491.36
587.36
1213.74
981.98
1418.76
1877.39
1001.99
1226.77
762.07
1059.02
1198.39
1695.40
1664.39
1782.06
2258.88
1418.96
1860.36
902.09
1068.87
1232.23
708.16
1023.22
2187.69
1264.84
2481.76
1706.89
1927.12
843.53
1402.49
906.54
2054.75
1724.73
2152.89
1276.63
1475.87
882.33
1505.37
1192.36
1093.13
1358.42
1072.12
2533.10
1566.75
916.60
1325.04
1330.38
759.47
1623.87
1246.80
811.68
1523.46
1263.01
1253.04
1188.73
453.38
1310.08
1759.52
2231.37
1807.58
1938.65
1046.41
1429.06
1810.67
2166.24
1235.25
1398.00
2116.05
1301.32
1327.02
1670.97
2168.35
3128.25
2140.71
1834.33
1194.07
720.28
1033.46
1494.18
1160.08
1125.87
2616.69
1108.39
961.31
1102.90
1398.52
1508.76
1222.46
937.42
1708.88
1077.08
788.08
1379.43
934.22
1249.39
661.32
1581.58
1506.59
1037.93
1248.30
1292.54
1137.97
1621.40
812.17
742.14
1816.70
1017.80
629.28
1078.69
1043.42
1486.62
1056.49
1422.16
1133.29
1610.09
1157.64
1969.77
1310.39
1562.24
1079.58
1732.46
2310.39
2078.29
1350.15
1278.52
620.94
1531.47
1233.42
1726.41
1129.77
1612.08
1393.82
1560.96
1356.03
2000.16
1167.08
1757.81
2367.98
2000.87
1072.61
1485.19
1594.12
1391.09
1728.54
917.15
1776.70
1330.31
1069.98
860.86
800.24
2107.40
1585.11
1341.03
2061.81
1783.11
1585.66
661.79
1420.74
2154.04
961.19
1548.66
2018.64
988.29
1556.90
1664.35
1429.63
1479.59
1108.81
1592.94
1366.13
1815.87
673.93
747.76
1209.01
1281.47
1146.45
357.22
1425.78
774.67
1071.32
1937.15
936.77
1608.44
2336.32
1914.13
1477.48
2176.12
1305.36
996.09
1487.62
1480.18
1238.39
1413.74
2130.97
1281.59
667.07
1387.18
1533.68
985.99
1158.53
2067.55
1434.48
1169.07
1435.22
1258.17
1629.27
1864.32
969.92
1802.87
1465.23
2267.14
1030.86
1892.93
1006.22
2544.98
1126.01
945.04
2115.62
1268.14
1491.36
823.65
1125.06
1788.29
1747.60
728.30
989.78
477.24
2039.64
1131.85
778.24
1344.43
1839.88
1322.00
1441.88
1762.95
1045.14
723.76
908.01
1139.76
1497.05
2008.32
1092.19
980.71
1494.77
1407.91
1628.62
1588.63
2100.82
1521.50
1105.49
917.14
1305.69
1779.16
1653.47
1397.73
1518.78
707.60
1534.86
1331.11
797.02
1326.27
1541.49
769.32
1536.12
1202.57
1681.25
946.95
1435.26
1850.00
1039.20
2098.44
1171.59
1656.13
701.74
637.06
1475.60
1058.27
2495.19
1123.92
2428.01
1678.64
1135.10
1764.15
1128.95
1010.82
2051.33
2003.67
613.27
1080.37
722.59
1053.01
1152.55
1286.35
1583.00
1629.34
1672.71
826.37
955.50
551.37
1291.94
896.60
2243.07
1001.68
2053.46
2150.47
273.85
2182.07
681.19
668.44
1068.03
1276.96
1085.38
1571.79
1944.85
1444.03
818.99
509.41
1150.37
1288.07
1214.56
1537.89
1109.91
2110.91
340.46
535.42
1828.78
1504.76
814.27
745.50
808.24
1152.89
1400.12
1527.24
2305.94
460.48
1821.71
767.52
1309.26
1515.60
1714.57
1655.65
2012.96
1683.70
1269.31
1428.65
1217.96
2083.35
833.35
1357.83
1271.79
770.22
2221.47
1811.72
1267.15
1502.87
1234.15
1764.56
1307.73
1609.45
1236.45
952.89
934.46
1574.25
1593.64
1328.26
1556.89
2438.10
1215.37
2416.98
540.83
1100.10
1414.14
2550.53
1688.25
1042.70
1652.17
857.46
1889.63
2640.09
1843.73
1571.97
1295.50
1020.11
2640.61
1583.26
641.58
908.66
844.68
1330.59
1630.12
1829.14
1350.07
1409.52
1394.10
1054.98
1137.86
831.42
789.33
1713.64
817.99
1261.33
1846.57
1007.10
665.02
944.44
1395.67
1157.33
1425.01
1019.52
2152.30
2156.91
592.36
1978.83
1160.69
1516.31
1330.74
983.38
1226.60
1912.16
1704.84
2134.50
1624.25
1437.15
1393.24
1085.76
1604.03
1309.73
1767.11
1722.72
760.55
1474.99
1495.43
1972.52
1864.09
1456.97
1422.26
1170.65
889.84
2582.11
877.48
297.26
1026.96
510.16
1422.86
1005.42
903.80
879.95
847.38
1344.98
1206.56
875.34
1248.48
1389.73
870.28
2032.55
2190.54
1418.65
1649.77
402.41
1662.97
951.26
817.61
1305.96
1597.40
1608.85
2246.74
1487.07
1500.96
865.22
2073.69
1430.25
1705.23
1115.63
1462.55
1280.25
1486.89
728.89
1294.07
523.44
1537.57
1909.44
2274.00
431.17
1780.03
698.44
1096.23
1172.78
906.95
1314.91
1381.77
1800.11
1723.47
697.27
814.28
1217.15
1702.86
2054.59
1209.13
1649.58
2353.46
2678.65
889.61
1119.70
1522.14
804.99
958.66
1119.75
1306.55
1480.09
1537.47
1790.92
1683.85
1223.37
1728.05
2310.38
1753.76
1382.76
899.35
735.94
1954.31
690.14
1958.76
1211.05
994.43
1575.43
1257.43
1588.41
841.85
1097.43
1180.33
1025.65
2706.30
1118.42
2699.22
567.80
1827.58
1448.26
1208.94
1210.39
1053.07
1806.25
1693.45
1157.52
1260.14
1890.19
1723.56
475.67
1032.24
787.12
780.26
1873.04
822.10
1277.23
665.29
1842.63
1782.80
2068.43
2182.24
1409.94
856.35
1520.50
2263.83
1769.04
2206.02
1033.36
934.62
1313.14
819.79
1486.51
1455.27
1681.08
2209.47
2103.95
1264.24
1485.78
1117.19
2299.09
1806.12
1492.40
620.22
1147.73
909.99
1482.47
2423.74
1582.25
1739.24
2158.06
1479.81
638.37
1582.89
1567.28
1929.59
1750.33
886.52
1151.61
853.41
1688.37
1776.99
1737.43
749.44
1129.79
980.56
846.07
808.13
1206.00
435.41
1096.43
1088.46
1328.43
1084.49
796.08
1108.18
2394.32
646.35
685.86
1937.27
1615.69
1609.73
1846.82
2228.68
2227.64
1371.90
1847.08
1432.50
1019.13
1845.73
2276.43
1399.34
783.09
1222.19
1005.50
1584.70
623.57
1508.96
1605.92
1913.63
1247.51
1407.48
799.47
1558.31
2101.15
974.94
1253.66
1773.18
1028.50
924.76
992.16
1458.02
1014.27
1127.30
1871.53
1561.16
1904.58
1628.06
2289.65
1963.91
679.25
2370.67
1555.98
1758.21
1495.45
846.15
1610.85
701.94
1483.70
1273.92
1726.07
1903.06
1134.84
1086.62
808.26
1695.94
2167.09
768.54
995.17
1142.54
1327.30
1239.56
649.96
735.92
1874.43
2054.46
1515.26
1742.52
2427.33
1482.59
1816.96
1093.32
1305.23
889.03
1262.87
1095.75
2360.50
789.41
1141.34
792.18
1714.54
1870.83
714.67
1848.30
1043.03
1873.56
1805.97
687.39
1364.80
1241.18
1423.17
1427.04
1319.36
771.59
1643.30
1749.91
208.31
784.22
1623.71
1624.51
851.81
1122.85
1815.23
823.46
808.47
1508.40
2359.62
1363.20
1962.70
2345.20
1373.78
1783.13
1463.94
1925.94
1891.30
1159.77
1817.04
1983.09
332.51
1423.14
1130.18
1180.56
1374.94
904.60
1144.35
1631.92
1642.63
894.05
1219.70
2069.89
1267.52
699.96
1536.75
1434.39
1435.57
1835.66
1686.59
665.18
248.78
998.09
1395.01
1935.17
1978.31
1481.39
1431.77
2744.76
1155.63
2001.76
673.99
1461.42
1323.47
2282.49
2076.60
2049.99
855.17
2268.68
1175.97
1485.53
768.92
994.50
1395.74
1511.51
1681.73
865.99
1273.98
393.98
1653.74
1756.45
1406.15
529.33
904.20
1172.61
1983.83
1801.89
895.50
1931.71
1082.55
1115.96
1767.87
1332.98
948.93
697.26
861.24
1930.59
1388.26
1281.24
330.48
1426.76
1033.96
910.70
1869.04
1232.94
1113.89
1229.40
1925.88
1298.86
1810.60
977.27
868.61
2105.38
1645.24
460.23
2561.64
1629.20
1761.46
1955.55
830.92
1188.54
575.21
1593.27
1865.45
951.70
1084.91
1741.03
583.66
998.63
917.31
1416.72
1476.48
1757.20
1124.65
1398.52
1206.62
1281.23
2345.67
857.70
1871.75
1127.16
1970.20
904.27
1727.27
1997.46
1221.87
2215.76
890.32
1814.41
1182.29
2266.91
1286.40
1659.11
1741.94
784.04
1088.65
971.35
1078.36
1383.84
1017.24
1079.27
1529.77
1368.64
1041.65
1118.98
1375.26
1377.10
1891.55
834.84
2756.95
2214.67
2138.96
1415.78
1577.47
1126.42
2011.71
1863.12
825.49
772.18
2185.90
1766.47
1651.91
1547.08
1828.60
1386.56
1168.64
2090.78
2347.01
1105.35
1442.37
1030.69
1721.56
1734.88
524.79
2216.34
1997.92
1459.05
1326.51
1019.38
781.59
1271.25
1969.05
943.80
1566.82
1140.60
716.91
1663.25
1604.16
1027.00
1973.73
1158.98
381.11
1038.50
1743.36
2131.18
1625.15
1539.79
1756.88
1280.86
1543.29
1751.45
1937.72
1281.97
1469.79
1159.37
1733.69
1217.23
1141.91
1168.99
1006.26
882.49
618.12
1955.57
1177.66
1955.57
812.53
1082.83
1358.97
1582.32
1188.90
1271.02
1866.32
878.16
2771.21
1176.55
934.38
1689.10
1025.26
1513.05
2397.70
1033.87
2085.86
1600.47
1920.55
794.91
418.68
1041.62
1074.92
1782.71
692.21
1516.49
1751.00
1523.57
1581.42
942.45
725.08
1392.50
961.32
219.84
1118.84
1769.67
1518.05
1906.20
2526.04
2263.44
1895.37
1972.39
1478.49
1167.13
1818.75
918.73
1925.44
1363.14
1934.29
1201.40
2184.40
983.92
1628.07
1470.95
1214.47
1108.38
918.13
2040.30
730.74
1894.41
2034.08
794.31
1757.24
177.03
1962.45
948.94
1990.53
1774.19
1091.48
2000.06
1705.92
1375.71
1717.22
721.69
1442.02
1601.64
1597.43
1407.32
693.29
961.80
1726.32
1535.51
1317.25
291.64
2257.94
526.49
303.70
1107.87
859.60
1657.43
1334.16
1825.81
2281.33
1336.53
1342.29
1986.64
1074.03
855.26
1948.09
796.32
1565.74
987.92
1402.97
1690.66
2085.87
1579.71
802.89
1291.90
1293.55
1944.13
819.43
707.95
1189.88
1378.94
1800.67
1065.82
1900.46
1224.15
1601.39
976.67
1972.19
602.53
1896.29
2079.83
1729.62
1093.60
1102.86
896.42
1725.03
1093.45
668.25
1612.52
852.17
670.04
639.90
1228.04
500.63
2343.96
2512.57
1141.78
920.48
1126.51
600.32
1335.41
1917.22
818.38
479.35
1352.05
1535.75
610.27
1300.77
895.49
975.62
982.21
1630.20
984.79
701.87
1214.02
2083.01
1919.97
2102.13
1908.10
993.93
1290.86
2160.99
1269.73
666.87
1137.78
1646.28
1084.17
1612.19
1139.96
1401.62
1350.16
1725.59
923.58
2053.26
1498.42
1277.15
1909.27
1261.76
1015.87
1943.70
1433.13
879.35
1561.28
882.99
1604.23
686.10
2028.43
951.23
1169.23
262.28
1745.84
1997.10
1945.39
1004.50
1375.69
1668.97
2033.36
1569.97
946.85
1689.82
852.65
1994.27
1562.56
1110.34
1544.68
1171.79
1722.92
1890.39
1451.41
727.92
1012.74
1420.98
2023.28
1285.38
1238.19
1567.18
965.97
1235.77
1783.35
1997.21
2086.59
1568.36
1041.65
1790.34
1064.53
1473.56
1005.10
1956.70
1109.36
1076.65
1634.31
1285.31
1457.66
1212.02
1978.79
1312.74
889.42
899.79
1910.22
2088.51
912.27
1322.88
1280.25
1314.34
688.97
1739.68
904.35
1895.63
1030.98
1647.56
601.58
1009.02
1132.39
845.88
348.77
2380.01
2070.86
576.25
1286.29
2450.00
2062.51
1503.06
2394.24
1178.08
838.82
1314.53
1356.66
2043.35
863.12
649.26
1945.15
1435.34
1245.75
1579.18
2418.75
1418.85
1483.75
1556.57
1696.85
1042.82
1082.53
1399.33
1627.80
1413.23
2016.04
1455.59
1583.95
1555.31
2449.81
1497.45
2727.89
1038.74
1400.04
1545.24
2076.78
1748.61
585.19
1325.54
1313.77
2356.81
1926.09
1017.56
1661.66
2107.12
1637.89
1513.28
933.42
927.27
1786.36
499.46
2640.70
1860.84
2462.77
2134.60
1581.88
1465.40
2137.53
2659.60
273.86
1749.55
985.25
1050.21
1968.03
1803.83
1277.11
1563.36
1791.05
1873.94
1392.11
1409.40
1543.62
1897.71
938.57
1328.77
1178.25
1109.17
648.64
693.33
564.49
1548.16
786.28
1267.88
920.02
1423.03
1480.51
1924.24
1436.93
2281.03
1516.53
1432.03
1556.87
2248.19
985.18
689.24
959.32
1556.66
1736.87
1551.23
1837.86
851.81
689.87
2328.39
603.44
2544.95
880.42
2111.33
1259.12
1635.82
1357.74
1478.24
1172.10
1444.04
2247.75
1532.97
1819.41
1849.73
1345.37
1307.29
1065.46
2758.02
1585.22
1671.58
1142.09
2069.53
1003.94
821.22
1276.27
1028.97
1490.82
900.84
1410.19
1129.56
1930.82
1368.11
1747.93
1467.79
1147.26
2026.82
514.75
1762.81
1200.42
2909.66
2131.81
574.31
681.41
1103.69
2667.72
1072.52
1945.26
797.37
893.43
1504.79
841.17
2059.54
1426.86
915.37
1981.94
1447.05
1404.53
1009.71
746.99
1669.17
1679.20
1696.38
405.64
1726.57
1826.06
1267.78
2126.50
2236.81
1484.68
1645.81
407.61
2269.69
836.22
1927.00
526.02
801.39
2161.49
1332.55
1276.47
1071.05
1325.97
2251.74
1996.60
1105.22
1599.00
1768.83
1141.40
1344.97
1667.77
1404.94
1412.95
913.28
934.44
1474.17
1129.00
1194.73
1827.39
1765.15
2262.34
1565.02
1122.09
844.25
991.30
1276.08
834.28
1802.35
714.53
1915.13
840.51
1446.85
1777.34
1717.25
1639.95
910.53
2400.49
479.24
682.18
667.66
1752.66
941.29
2161.49
1353.69
1890.86
1483.82
1286.84
1138.86
399.66
1003.08
1777.33
1294.44
2160.28
995.22
904.09
1457.21
1130.00
1397.09
996.97
743.37
1268.48
1510.09
1570.71
1055.84
1717.99
576.44
701.81
1615.69
1586.63
2695.68
1809.75
1854.85
1194.40
1996.25
2433.81
1308.82
2075.31
2148.90
1217.89
948.82
1391.40
1787.68
265.18
1737.16
2111.47
1264.44
1439.93
973.95
2001.75
1187.93
1015.48
1889.77
1240.49
726.31
1190.88
1360.32
1377.48
743.28
879.97
1836.32
644.64
1915.27
1466.28
1035.12
873.68
1852.13
1655.43
948.28
1900.20
1141.61
827.89
1505.91
1608.71
1204.73
1325.62
2094.24
1390.00
1121.59
1941.30
1152.19
1317.66
801.19
1402.10
1114.60
813.00
1727.83
1202.78
487.39
1656.41
464.23
1714.32
1292.69
1626.46
1503.91
1736.01
1881.25
1325.45
442.51
951.49
1493.11
2223.19
1096.35
1564.08
2053.15
1760.90
1153.10
1103.29
1197.58
1387.90
418.70
2108.13
1290.72
1035.92
762.16
708.37
2609.50
1222.57
1365.59
1824.58
1924.22
1201.44
2057.21
988.95
864.61
1825.28
1561.85
1937.00
1633.35
1872.98
2337.81
1612.25
1364.01
1254.24
935.16
1750.57
1994.64
1635.91
1097.62
1767.73
1636.79
1350.99
1984.83
1366.96
1992.20
123.17
1405.97
1302.97
2329.53
1240.33
2012.35
1635.45
1632.67
1958.85
1044.97
1147.18
1322.50
1440.32
1550.17
980.49
1014.80
1442.04
1134.30
2196.04
2167.24
1223.98
722.28
1133.15
1006.90
2623.32
1712.39
1049.37
1954.74
1621.84
1647.38
2381.80
1971.37
2219.08
1775.83
2068.15
1143.85
593.63
1455.17
1990.04
1610.61
1617.62
2173.65
1699.14
2254.54
1430.70
845.52
971.26
2109.24
2067.21
1751.78
1136.85
1531.02
1190.96
1160.98
2039.18
1281.94
2037.61
1939.65
1064.31
966.25
958.34
1838.61
1743.35
1422.56
900.74
2313.89
1985.56
2460.73
1050.40
790.55
1762.32
486.88
396.73
1524.80
919.68
1251.36
755.21
1909.97
574.42
959.71
1229.36
1186.67
2265.78
1489.02
1388.93
1161.12
1643.10
1632.46
1161.14
979.29
2187.93
1312.26
1490.79
1193.47
1412.85
1658.94
1321.03
1249.93
370.37
846.01
1429.69
881.09
1604.40
1815.40
1618.59
2224.57
1735.14
1690.63
1704.66
2180.34
1569.65
1892.92
1460.78
1575.51
1644.57
2565.60
1434.76
1732.40
1825.22
1453.95
1891.37
1162.83
925.11
1986.19
1475.34
1346.04
944.82
1591.19
2643.53
1845.99
2561.77
1223.54
2081.91
1038.23
1397.93
695.85
1141.39
1889.87
617.29
1390.98
1325.04
1741.70
2569.04
1297.08
1643.40
1048.59
1423.34
3111.80
1797.18
1417.88
2608.76
1388.61
1010.42
1483.79
1368.70
1461.20
1342.91
1544.90
1580.52
2154.70
1948.84
1860.01
875.53
2068.02
1183.80
1361.46
1088.87
1679.91
767.18
925.95
1218.14
1333.07
1071.80
1898.26
1117.83
1682.87
2352.07
1084.38
2448.74
1442.12
504.87
1164.86
876.63
1520.58
1985.05
859.16
2591.93
1915.87
1049.18
1314.68
2048.83
1880.10
1069.26
1601.15
584.01
1018.55
1172.98
1427.94
1623.89
1716.95
1959.34
1866.55
1527.84
1462.02
762.10
2481.40
1912.40
2310.91
1649.49
2170.04
1522.62
938.34
828.80
1492.52
800.70
1173.39
1169.09
1690.35
946.27
1983.81
1966.10
716.88
2296.08
849.84
1232.09
1573.39
1267.84
1494.05
1686.15
1635.21
975.97
1293.98
1008.72
1425.70
1528.71
1111.00
1724.38
680.14
1211.90
988.44
1459.41
1053.40
1676.47
984.93
861.23
1460.52
1846.37
703.07
1215.36
1453.43
969.80
651.26
880.76
417.23
1375.84
1598.34
663.35
1799.47
1658.67
1524.22
1875.14
1640.45
1960.57
756.77
1546.50
1878.84
1587.67
1611.01
1406.14
1267.88
1327.33
1240.20
1072.35
989.23
456.40
1596.68
1438.47
1020.99
1660.59
730.74
1035.05
1094.27
1891.17
889.85
1301.09
1094.87
1016.11
1574.76
485.37
1276.59
388.43
1379.05
1249.72
819.07
1728.57
975.58
2002.14
1331.53
1804.78
1938.21
1615.99
919.64
2013.26
1907.55
1759.41
738.31
1127.79
917.55
1312.03
691.00
858.89
1439.46
1452.48
1758.66
1056.93
759.83
2243.76
2017.83
2165.83
1846.77
1503.63
2692.32
1535.88
918.84
1985.28
1079.46
2504.40
987.14
281.27
954.22
1166.74
1419.38
2021.23
1063.92
1255.36
1747.03
784.81
962.77
1746.16
1225.51
1475.98
2153.77
1051.61
1641.07
831.47
922.62
973.73
1027.15
889.94
1709.75
1010.28
1421.63
2016.50
1418.61
1243.48
1507.18
1500.74
1483.56
2233.84
1477.37
1127.34
1368.68
1632.63
1334.55
1370.82
1692.40
1149.61
1575.60
1206.80
2004.65
1114.20
1917.78
1360.85
811.90
1428.74
1668.70
1195.61
907.84
821.02
1136.08
1948.77
1148.20
1524.19
1612.81
1049.70
1789.13
1941.02
1712.65
596.10
813.12
1681.20
2233.35
564.58
1068.73
2145.57
1789.99
1750.46
1536.81
1253.04
613.90
1996.57
1298.39
1294.44
1865.60
1130.02
2735.55
928.10
1728.11
1749.69
1764.24
1692.42
871.55
1701.30
1078.84
1381.81
1691.43
1473.54
721.41
1227.14
1630.75
1015.36
631.92
1230.13
1604.39
1894.01
856.79
1632.84
1157.21
1641.85
1613.97
1027.79
1001.07
887.49
1678.71
2398.06
1057.04
807.62
1120.65
1463.17
2788.04
776.93
1857.17
1357.97
1770.76
1634.87
2077.25
761.92
2022.53
1395.61
1098.23
1612.40
716.99
1042.80
1752.17
1273.26
2268.48
1360.54
1374.42
1758.85
1411.23
1419.99
1778.90
1991.52
1910.26
1704.73
1043.32
907.55
1974.74
1783.44
1628.44
779.82
1386.40
2159.16
1634.96
1600.80
1731.37
887.11
1225.93
1950.92
2406.82
1187.96
1801.61
817.86
1881.17
849.12
1731.02
1245.18
869.97
1132.12
1337.96
839.20
1871.15
1712.42
1492.56
1818.83
1159.51
2526.22
1980.10
1847.29
1670.22
382.37
1129.60
859.29
1572.81
1511.13
629.25
1173.12
1220.84
1392.69
2235.69
1294.40
1650.17
2171.77
830.38
1980.49
2071.98
1302.20
1597.91
1089.43
1334.84
1905.15
1438.97
1084.95
1453.52
1829.76
1221.71
982.01
1205.58
1590.95
876.03
1417.79
1506.98
1179.71
1644.69
1019.19
764.87
2043.85
2070.01
1109.85
1331.17
2106.74
1354.02
1771.62
680.70
1227.40
879.34
1309.82
1283.62
884.15
773.11
1361.42
801.89
1840.05
1190.92
1158.55
1553.50
1233.37
1426.68
1138.80
394.46
1251.29
1281.45
735.20
1813.41
804.37
681.49
853.98
564.49
2405.10
1539.45
1126.74
1139.55
417.51
1445.58
1838.10
1162.03
1356.84
2038.38
1061.09
1478.55
1355.64
1694.14
1974.61
1431.04
2035.26
1217.23
2806.08
1642.14
1151.16
830.22
1581.24
759.75
1249.40
1182.56
1065.78
2000.55
1475.94
1878.81
1131.02
1501.92
991.85
809.06
2290.35
1205.36
1680.62
434.76
1147.69
1578.88
1136.94
1467.17
1602.75
1825.46
211.20
1283.22
2418.92
2189.07
1056.54
1175.17
1447.53
1882.60
2607.61
2009.59
1200.67
1392.76
728.65
1564.08
1077.41
736.48
1210.53
242.77
1838.73
768.89
891.45
1539.76
1798.68
1748.24
1171.95
1974.75
2337.91
956.99
1842.14
1436.14
1594.05
769.58
773.94
1545.40
1828.08
1264.89
774.98
2139.54
2140.75
1052.71
1251.31
793.57
1642.13
1934.15
1354.12
2114.24
2229.00
1449.85
544.58
1022.42
1960.99
2667.10
1262.54
2454.61
907.49
1409.75
1305.98
2022.17
1265.60
1404.26
2468.59
1673.49
877.30
1837.40
1326.31
1979.52
1568.08
1242.12
1343.36
1153.27
1865.36
824.45
871.79
2255.58
2557.84
661.63
1283.41
1581.52
1795.20
1743.60
2241.82
1569.15
759.20
1338.50
1251.07
1796.88
958.99
1380.11
1126.36
902.53
1377.75
1760.35
1885.92
1455.33
1165.10
1519.45
1420.30
1209.52
1579.17
2662.74
1840.57
1437.63
1561.72
1094.82
2099.85
1397.28
1696.67
2298.44
1081.65
1606.02
1274.38
1231.77
2027.11
1983.80
1993.07
1479.20
1790.37
1620.36
750.15
1313.27
843.70
1612.66
1493.15
1919.87
1319.44
801.40
1406.57
1299.98
1509.19
1430.04
1713.64
2444.23
905.46
1179.41
283.95
1514.77
1156.79
1156.10
1203.62
1128.24
2053.50
1573.21
1281.08
717.23
1431.41
1091.12
1026.27
1787.65
1950.84
1263.95
1661.40
1707.91
1517.12
1393.77
1386.79
1171.02
1108.83
1770.02
780.32
859.72
1583.75
786.80
2076.65
1870.74
1333.50
1289.55
1850.26
550.42
2501.45
1605.48
855.11
1811.21
1138.08
779.18
1368.72
1034.02
1897.28
2081.18
1507.30
1908.63
1670.47
400.51
1948.14
1224.21
1238.77
2139.10
1356.17
854.67
1641.20
950.17
1424.12
1572.16
702.90
1903.93
776.99
776.60
1618.81
1580.74
1065.20
1993.79
1229.12
1297.36
1935.89
1544.68
1987.20
1813.84
1652.87
1626.05
759.64
2035.41
2305.95
778.21
777.55
1039.44
989.65
2447.25
1114.68
2157.59
1099.74
1304.79
2011.50
983.02
1967.56
906.57
1712.07
1664.74
1182.43
2003.79
1071.49
927.48
1876.08
1189.65
1248.14
1786.45
2243.34
1686.51
1520.16
1172.09
981.10
982.83
1945.05
1708.05
2171.16
1451.09
854.50
1264.03
970.32
1802.50
1327.39
887.67
1791.23
2630.20
2524.07
734.16
1210.25
1207.39
667.57
424.10
1493.13
1090.40
853.42
1038.78
893.71
1521.21
1470.26
1610.05
1530.08
1431.38
1592.31
1013.23
1438.76
1044.68
1182.99
1037.86
876.64
963.81
792.39
809.01
2273.00
2094.67
1757.78
2036.80
1107.93
1612.80
1490.25
854.45
980.76
2000.43
537.57
1990.62
1657.14
1705.59
1809.14
941.06
1330.21
1819.10
883.71
914.77
1491.98
1695.86
1125.19
1164.96
1181.74
999.70
1437.00
1431.33
1267.06
1781.87
1457.87
1986.17
311.35
449.90
1640.64
1599.71
1156.96
1922.59
1123.34
1159.59
811.06
1936.85
1127.90
2339.62
764.58
1253.49
1539.43
687.55
1808.89
1060.80
633.42
1508.54
1860.92
1680.70
1272.85
1888.35
1127.13
596.97
2288.72
1884.44
1437.07
1907.58
1309.12
2348.09
971.51
1761.21
1017.60
1216.46
1122.73
1068.99
1570.03
1346.79
1281.66
1423.22
589.56
746.61
1510.01
1300.74
1698.74
1971.28
1446.02
871.99
1321.45
1220.26
854.97
2145.33
684.42
1074.30
1357.94
1470.70
1391.03
2198.35
772.26
991.06
1725.63
1308.14
1709.09
874.29
757.19
2107.06
1041.08
1524.01
1610.85
1502.91
1012.27
309.96
2477.50
1436.71
1605.96
1330.34
1422.62
1261.83
2144.55
1643.62
1805.52
1357.87
1685.80
853.90
1867.88
1710.21
1061.08
2285.91
1954.61
1806.30
1373.05
2041.10
1701.52
277.20
2073.45
963.14
861.46
985.14
1099.10
2184.35
1209.87
700.70
1510.44
815.55
1909.75
1335.36
953.20
1089.47
545.26
1878.49
980.67
2827.85
1372.93
1042.80
1004.08
1490.48
1864.98
1231.33
1065.56
1246.15
1002.63
2034.86
1186.13
1597.22
788.87
2495.40
1841.55
1214.11
1992.86
1334.41
2109.81
1828.77
1029.60
1143.88
1634.04
1310.00
820.66
1325.11
1234.36
826.53
2377.46
1374.07
2353.54
1105.22
1784.15
1167.52
2427.16
2130.12
1976.33
1453.90
1545.76
1627.10
724.63
1698.90
831.48
1424.44
883.89
1229.79
630.39
1843.38
1291.53
1339.74
944.89
1266.57
766.45
2235.46
2242.60
586.28
986.27
892.39
1913.29
1526.76
1660.08
1591.19
1251.51
202.07
2162.42
2041.01
1401.02
1722.25
1033.47
1738.63
1364.82
1070.33
665.25
2840.34
1268.89
1395.13
1594.02
533.40
1959.48
1327.52
1416.65
2032.77
416.58
742.64
303.38
1542.94
1155.92
924.39
2039.09
1601.05
808.46
1599.90
1321.55
1673.95
1841.93
324.11
1512.50
808.25
2246.75
912.07
1713.56
1488.24
2337.60
1236.41
1226.60
1159.87
2220.10
704.41
1943.79
2168.03
1069.29
1102.22
1395.88
1552.46
1715.41
298.70
1974.45
2033.67
1124.47
1265.40
705.25
1691.09
1221.74
968.73
1047.65
1204.59
1037.41
1278.96
1002.63
1696.40
1444.22
1285.89
1300.54
1143.64
1717.55
1701.20
1185.85
1075.04
564.85
2109.74
782.38
585.12
981.20
841.18
2204.61
1480.64
1083.11
1590.51
1200.32
1788.21
1179.11
1239.65
1239.98
758.04
1593.22
1482.47
1310.74
2430.29
890.90
1170.12
1201.06
1688.93
551.23
1472.01
1417.01
819.82
2281.83
2635.93
804.64
1432.83
1168.54
1437.02
1645.54
1304.91
1441.52
755.50
1833.91
1264.50
1645.89
1090.97
1119.44
2223.46
1429.50
1857.55
1011.11
1626.67
1897.78
1182.55
1482.93
870.54
1189.32
1642.22
1202.04
1087.92
867.61
1388.65
953.38
1318.88
1179.69
1311.43
2526.38
1698.30
887.57
2107.22
1026.28
1827.83
1253.13
1252.93
1119.35
1260.85
1174.32
1599.80
1476.93
741.21
1014.87
1819.65
1993.19
1724.81
1242.75
2415.60
1908.91
1811.86
1315.57
1338.97
2104.19
1854.89
1761.03
950.65
1679.49
868.92
1134.56
758.97
1190.52
2603.72
962.06
1489.14
1800.29
1897.51
1066.98
787.80
1286.12
2325.26
302.93
1215.07
1084.61
1536.96
1377.33
1130.62
1245.41
1027.94
666.59
1028.74
1548.16
1824.42
1455.44
1574.64
1046.63
1584.69
1556.97
1566.02
987.50
1683.24
434.33
896.34
1096.96
1551.76
958.45
1993.59
1169.54
1530.23
1431.99
1637.50
1439.56
1281.82
1612.49
1188.79
1683.93
2388.15
1019.80
851.65
1076.75
1007.43
1110.23
1355.86
756.56
851.03
1426.36
1624.88
1101.81
677.95
1124.63
2059.97
1421.72
965.42
1101.93
1853.97
1324.87
1416.69
1742.90
1586.66
910.83
726.42
1486.69
1214.62
937.41
1577.76
2274.33
1209.94
2315.32
833.41
1611.78
957.82
836.35
1217.67
1245.73
1900.14
1577.92
911.22
1469.96
2373.67
1229.74
1101.27
2505.68
1293.75
1988.53
1261.79
853.48
1672.67
1790.35
1133.75
1133.01
1676.18
1007.78
494.74
2162.60
648.80
796.98
857.37
1207.79
970.42
729.87
1261.04
967.53
1463.04
1732.78
1938.15
1518.13
2113.03
1186.45
1108.28
1411.31
1952.91
1534.74
1798.12
1871.69
1288.54
1668.08
1456.13
1440.45
1259.07
1060.29
1779.11
1305.29
1246.10
1548.53
790.95
1447.26
1242.11
1104.37
1205.79
2247.87
1430.35
1555.04
2338.08
1481.68
1078.08
973.09
1507.43
1087.75
1204.50
1658.55
978.15
874.25
1979.70
647.37
1282.19
968.79
1907.95
1920.59
1133.02
934.29
716.66
1443.69
637.97
1097.31
934.87
1318.66
2157.23
1657.00
1377.80
1534.83
1663.19
983.91
927.83
2659.49
1384.14
1426.53
976.00
1577.90
932.33
1705.58
1433.65
1080.12
1527.08
2238.52
1754.42
1985.49
1086.28
981.53
1413.18
1120.93
1227.97
1931.50
950.95
601.33
2230.48
1482.14
872.89
1214.29
1477.37
913.38
1566.16
1994.56
1170.68
484.35
1155.28
1379.33
800.96
650.56
640.18
1287.26
2040.54
1442.27
2165.34
900.14
2172.06
1065.41
1056.35
1709.31
1047.31
1264.17
1167.76
1664.40
893.67
839.45
1759.37
1135.54
1515.43
2562.05
1148.40
1561.62
2393.55
1111.39
1752.05
1604.86
1588.81
1496.47
2025.56
1586.01
1017.64
734.52
944.45
1838.48
812.81
1292.50
1755.46
1488.75
1370.32
1610.54
1260.30
1402.65
872.39
1235.20
1970.02
844.73
1583.66
1089.40
1742.20
1403.13
1222.12
1012.89
1269.05
1613.13
1841.03
1512.30
1131.87
1880.71
1114.02
1452.18
1533.71
1754.95
1006.95
1441.55
1697.61
1687.84
579.74
580.77
2291.78
1182.96
891.93
1812.04
1112.12
1788.40
1614.38
1092.57
1533.59
1302.09
2004.01
2527.67
1670.73
1261.67
1502.08
1891.16
1916.83
677.00
1112.32
1535.80
1065.32
1076.10
1483.91
2437.06
1101.58
1738.38
1716.20
547.31
722.84
1665.21
1225.95
1204.30
1614.98
1726.70
1155.33
1057.25
2164.90
1295.41
847.96
1730.08
1385.48
1583.79
1206.37
1389.86
1308.31
1308.35
1834.28
1975.61
1913.90
873.78
668.49
966.30
1438.25
1141.32
773.96
1525.30
955.91
2290.47
1245.96
1995.25
2227.55
1600.41
780.82
1575.86
1538.62
988.84
917.62
690.39
1169.78
1771.40
1647.13
699.87
1389.60
1293.37
1593.84
1897.43
2083.23
1866.76
1834.67
1435.35
2000.49
907.43
940.71
520.38
1815.30
1955.16
1131.80
1501.46
1441.56
1801.47
2344.23
1965.50
1217.77
1513.36
1117.47
1887.73
1782.22
2015.65
554.05
858.34
1286.04
882.82
1517.97
1136.56
1486.33
1652.41
1099.78
961.88
1581.79
456.63
2298.75
806.98
1465.96
1313.96
1371.76
738.86
1510.46
1367.11
666.38
1428.39
676.38
2109.01
988.67
2362.80
1060.58
1660.20
1953.06
1962.23
1806.02
2421.31
1196.01
1461.50
493.55
1118.80
2385.28
1017.72
1212.92
990.80
1745.96
421.69
2013.47
1560.23
1295.36
2678.55
1899.36
407.83
670.55
294.84
1520.26
1340.67
1379.10
1379.89
2182.59
1804.14
481.60
255.18
398.75
1244.29
1203.43
1136.53
895.85
1473.11
677.59
2175.02
1459.23
839.17
806.91
985.76
1733.99
1756.77
884.34
2142.47
1834.14
793.44
722.10
901.68
1302.64
1072.14
931.86
1406.87
682.79
1149.90
628.72
1424.93
1768.32
1458.54
2092.70
1337.89
1363.29
798.54
2559.22
723.33
1290.11
1011.72
1539.24
1646.41
1008.93
1571.57
1587.66
842.68
1425.72
1901.93
1914.04
1809.23
736.08
1887.39
1033.81
1192.22
2257.07
1468.15
2085.94
833.49
959.44
1260.89
1733.38
1131.70
1693.96
1881.16
833.10
1551.66
1525.33
1642.34
1048.23
1158.78
766.80
1105.34
2145.68
1015.66
2069.73
1514.31
1097.82
803.81
2196.85
794.10
1990.42
613.51
1024.41
1094.40
1132.71
1571.81
1664.75
784.88
1083.95
873.89
749.54
1288.82
1152.23
764.42
1568.26
1909.67
1094.23
1886.28
1089.64
967.91
1358.56
1480.37
1047.03
884.98
1485.55
592.65
710.73
2369.72
1136.04
1131.76
1110.64
1370.98
1024.25
1033.91
1676.43
853.60
976.32
1430.36
1564.26
1555.09
1300.88
1588.63
1367.15
1624.77
1140.97
2352.56
1413.40
1534.75
1736.84
891.13
1969.16
1193.76
1696.58
1451.10
1125.89
1795.78
1238.75
1890.15
2429.64
2236.22
2224.55
1812.82
1076.26
1963.07
1955.18
1469.85
808.88
1194.95
1661.95
2664.91
1668.99
1941.32
1263.37
735.56
1412.86
1501.00
1833.31
2128.03
663.50
1352.37
523.09
1478.69
1446.48
1399.31
1649.87
943.97
1074.45
2118.78
1535.81
1040.81
1618.08
1245.75
2478.04
2001.04
641.35
1280.74
1552.30
1171.75
1353.72
464.59
1863.15
1133.94
668.98
706.42
2263.02
873.80
2351.78
2032.66
1543.31
2269.70
2378.49
1189.49
777.81
1462.30
1242.14
1193.46
709.21
882.11
2208.76
1345.05
566.39
1053.80
1563.95
1189.47
1092.56
2287.83
1071.81
701.42
1055.85
1413.67
2092.80
1550.08
742.90
1896.26
1640.43
1829.82
927.33
836.69
723.13
1235.41
1543.58
1568.60
394.08
1853.62
1532.38
1638.35
1429.22
2076.12
1005.35
813.76
1695.98
1772.01
1911.97
1647.84
766.43
1287.32
1054.24
591.66
1825.00
1068.23
993.27
1500.74
1136.85
1038.19
1883.25
2992.33
1364.72
633.28
1174.12
1016.41
2090.05
1601.17
1146.25
1298.57
1250.83
1885.57
2084.78
1634.97
958.29
1428.87
2303.87
1236.71
621.06
1276.06
1445.18
1442.58
1385.61
605.02
1614.07
805.44
1381.81
1066.17
959.70
1494.38
842.32
1140.88
1893.46
925.51
1895.16
1170.84
1142.16
1065.41
1600.12
2885.08
1424.18
1321.85
942.51
1170.37
929.33
1338.81
1017.44
1833.01
1758.14
1612.44
784.16
1232.45
1509.32
1833.81
1005.22
1394.47
1386.78
839.66
1894.81
1171.66
1696.71
1797.27
1352.76
1097.68
1888.72
471.76
928.29
1024.00
1336.97
776.98
1917.87
1545.13
1787.37
1220.82
1854.44
1128.13
115.12
697.65
1010.97
1861.08
2083.47
1738.45
1653.70
1826.10
1061.86
1423.89
1021.16
1113.76
1485.39
928.27
938.09
2250.54
1206.24
895.50
1256.80
2142.87
1301.39
1994.61
2245.17
1177.37
2033.94
1907.19
1598.41
2570.47
923.15
1217.26
643.68
1069.43
627.51
851.08
1628.71
1701.63
1721.73
1276.42
952.44
1293.75
788.44
1632.93
1508.89
1451.90
2490.51
1513.95
1090.85
1610.68
949.67
1530.73
850.74
1687.25
930.40
1120.33
1120.71
1695.96
1741.45
2314.98
1275.40
944.38
1848.13
1287.22
1352.72
1408.28
1253.88
1081.78
1212.81
1432.39
1143.17
939.21
2629.47
1829.39
938.37
2072.62
1835.71
1740.54
604.82
1674.91
1286.46
600.86
838.90
1399.83
299.14
1737.07
1104.54
1206.58
1920.06
1830.49
1236.70
1921.33
2221.42
697.59
2037.67
778.51
1814.14
1249.27
1366.29
2233.46
1193.51
1545.73
1457.25
1573.83
1801.62
1209.37
2162.34
989.83
1486.54
1300.03
1604.23
435.79
883.12
1151.26
1049.68
2329.05
760.88
1139.26
2160.25
1486.15
1087.62
438.21
960.05
1293.99
1259.33
587.87
750.91
1398.09
1695.60
2126.63
1408.22
1718.67
994.66
1394.93
1736.07
1455.23
1556.98
1938.12
1003.18
1474.18
1278.19
1058.68
2811.52
1498.49
1831.74
1075.77
1409.35
1168.84
1131.99
1053.71
1765.98
1686.29
1401.91
1299.79
2038.33
2139.01
1782.11
130.39
1393.16
1632.00
1022.74
771.21
1241.78
1233.90
1605.78
1082.54
2153.37
1652.96
722.45
1605.45
1829.40
1728.99
1221.59
1594.25
1262.40
1127.84
120.37
1770.22
1973.10
1163.05
1421.86
672.00
669.73
685.14
671.53
2199.46
1035.69
